700000
100000
550000
700000
700000
100000
700000
430000
100000
850000
700000
100000
700000
820000
700000
280000
510000
700000
700000
200000
100000
700000
800000
100000
700000
700000
200000
700000
700000
700000
700000
100000
100000
330000
700000
700000
100000
700000
700000
700000
700000
100000
850000
700000
100000
700000
100000
700000
100000
100000
650000
650000
100000
700000
270000
100000
900000
520000
700000
530000
400000
100000
700000
700000
100000
700000
840000
700000
700000
700000
700000
100000
820000
810000
700000
820000
700000
790000
550000
700000
700000
700000
800000
570000
830000
100000
100000
700000
810000
100000
530000
590000
460000
200000
850000
700000
700000
700000
100000
100000